  # ENERGY    1:total     
  -0.50000    0.54600465
  -0.49800    0.81252402
  -0.49600    0.96355420
  -0.49400    1.07373190
  -0.49200    1.17483413
  -0.49000    1.26533735
  -0.48800    1.34957123
  -0.48600    1.43453074
  -0.48400    1.51649749
  -0.48200    1.58916736
  -0.48000    1.65747452
  -0.47800    1.72792888
  -0.47600    1.79952991
  -0.47400    1.86725998
  -0.47200    1.92894089
  -0.47000    1.98907351
  -0.46800    2.05184531
  -0.46600    2.11651421
  -0.46400    2.17889357
  -0.46200    2.23591638
  -0.46000    2.29045463
  -0.45800    2.34612370
  -0.45600    2.40383554
  -0.45400    2.46305227
  -0.45200    2.52108312
  -0.45000    2.57543373
  -0.44800    2.62770653
  -0.44600    2.68045115
  -0.44400    2.73453259
  -0.44200    2.79001570
  -0.44000    2.84652567
  -0.43800    2.90197420
  -0.43600    2.95433092
  -0.43400    3.00506902
  -0.43200    3.05649972
  -0.43000    3.10939050
  -0.42800    3.16370726
  -0.42600    3.21902847
  -0.42400    3.27454519
  -0.42200    3.32890034
  -0.42000    3.38153744
  -0.41800    3.43388700
  -0.41600    3.48732877
  -0.41400    3.54214358
  -0.41200    3.59829092
  -0.41000    3.65560675
  -0.40800    3.71356082
  -0.40600    3.77108026
  -0.40400    3.82762003
  -0.40200    3.88422871
  -0.40000    3.94193935
  -0.39800    4.00111008
  -0.39600    4.06180668
  -0.39400    4.12403917
  -0.39200    4.18779230
  -0.39000    4.25259590
  -0.38800    4.31769609
  -0.38600    4.38318920
  -0.38400    4.45015287
  -0.38200    4.51929808
  -0.38000    4.59077120
  -0.37800    4.66472483
  -0.37600    4.74133539
  -0.37400    4.82082319
  -0.37200    4.90325022
  -0.37000    4.98827267
  -0.36800    5.07612038
  -0.36600    5.16826820
  -0.36400    5.26602745
  -0.36200    5.36994314
  -0.36000    5.48072100
  -0.35800    5.59971952
  -0.35600    5.72889090
  -0.35400    5.87062645
  -0.35200    6.02784777
  -0.35000    6.20730591
  -0.34800    6.42406416
  -0.34600    6.70844746
  -0.34400    7.10856390
  -0.34200    7.56824112
  -0.34000    7.83361006
  -0.33800    7.80352306
  -0.33600    7.67683697
  -0.33400    7.57550287
  -0.33200    7.51190424
  -0.33000    7.46244955
  -0.32800    7.38614273
  -0.32600    7.30044794
  -0.32400    7.22182083
  -0.32200    7.13771296
  -0.32000    7.04661798
  -0.31800    6.96547174
  -0.31600    6.89908504
  -0.31400    6.83112860
  -0.31200    6.74930573
  -0.31000    6.66240549
  -0.30800    6.58286238
  -0.30600    6.51021576
  -0.30400    6.43461370
  -0.30200    6.34987164
  -0.30000    6.25983477
  -0.29800    6.17510223
  -0.29600    6.10086203
  -0.29400    6.03217316
  -0.29200    5.95837355
  -0.29000    5.87142801
  -0.28800    5.77655935
  -0.28600    5.68710995
  -0.28400    5.60644770
  -0.28200    5.52912951
  -0.28000    5.45117426
  -0.27800    5.36941195
  -0.27600    5.27944183
  -0.27400    5.18382645
  -0.27200    5.09222078
  -0.27000    5.00741386
  -0.26800    4.92515612
  -0.26600    4.84091759
  -0.26400    4.75224113
  -0.26200    4.65712404
  -0.26000    4.55583429
  -0.25800    4.45468569
  -0.25600    4.35871649
  -0.25400    4.26713467
  -0.25200    4.17571592
  -0.25000    4.07909393
  -0.24800    3.97350764
  -0.24600    3.86159658
  -0.24400    3.75196600
  -0.24200    3.64848757
  -0.24000    3.54717326
  -0.23800    3.44101977
  -0.23600    3.32440615
  -0.23400    3.21397638
  -0.23200    3.11753273
  -0.23000    3.02250099
  -0.22800    2.97016001
  -0.22600    2.88555408
  -0.22400    2.62249684
  -0.22200    2.25627232
  -0.22000    1.90108407
  -0.21800    1.58046389
  -0.21600    1.27881849
  -0.21400    0.89482611
  -0.21200    0.42340729
  -0.21000    0.13252458
  -0.20800    0.08631688
  -0.20600    0.15585382
  -0.20400    0.27541670
  -0.20200    0.43251538
  -0.20000    0.62573838
  -0.19800    0.85341007
  -0.19600    1.11332357
  -0.19400    1.40645015
  -0.19200    1.72821569
  -0.19000    2.02557063
  -0.18800    2.22020364
  -0.18600    2.34522295
  -0.18400    2.49357939
  -0.18200    2.64277196
  -0.18000    2.77107739
  -0.17800    2.90391254
  -0.17600    3.05822110
  -0.17400    3.21351123
  -0.17200    3.35218787
  -0.17000    3.48513460
  -0.16800    3.62392569
  -0.16600    3.77083993
  -0.16400    3.92809892
  -0.16200    4.09578705
  -0.16000    4.26798773
  -0.15800    4.43633556
  -0.15600    4.60394478
  -0.15400    4.78106928
  -0.15200    4.97773027
  -0.15000    5.20909452
  -0.14800    5.49777746
  -0.14600    5.93996477
  -0.14400    6.75163984
  -0.14200    7.98262596
  -0.14000    9.49365902
  -0.13800    11.43234825
  -0.13600    13.91858101
  -0.13400    15.32837772
  -0.13200    13.90280247
  -0.13000    11.66246891
  -0.12800    10.24472809
  -0.12600    9.38697243
  -0.12400    8.76409626
  -0.12200    8.26415730
  -0.12000    7.85730791
  -0.11800    7.52645016
  -0.11600    7.24458075
  -0.11400    6.99188614
  -0.11200    6.76130342
  -0.11000    6.54974794
  -0.10800    6.35398579
  -0.10600    6.16973734
  -0.10400    5.99420881
  -0.10200    5.83034897
  -0.10000    5.68435335
  -0.09800    5.55527258
  -0.09600    5.43638039
  -0.09400    5.32291460
  -0.09200    5.21256256
  -0.09000    5.10393476
  -0.08800    4.99670553
  -0.08600    4.89126110
  -0.08400    4.78673601
  -0.08200    4.68402576
  -0.08000    4.58967495
  -0.07800    4.50769186
  -0.07600    4.43329191
  -0.07400    4.36092710
  -0.07200    4.28855848
  -0.07000    4.21622181
  -0.06800    4.14452600
  -0.06600    4.07299900
  -0.06400    4.00023937
  -0.06200    3.92626023
  -0.06000    3.85258579
  -0.05800    3.78273535
  -0.05600    3.72155571
  -0.05400    3.66735291
  -0.05200    3.61556244
  -0.05000    3.56422400
  -0.04800    3.51274204
  -0.04600    3.46061587
  -0.04400    3.40734673
  -0.04200    3.35300469
  -0.04000    3.29802465
  -0.03800    3.24158072
  -0.03600    3.18392897
  -0.03400    3.12934446
  -0.03200    3.08163786
  -0.03000    3.04024315
  -0.02800    3.00159121
  -0.02600    2.96302867
  -0.02400    2.92353177
  -0.02200    2.88300085
  -0.02000    2.84204865
  -0.01800    2.80092454
  -0.01600    2.75882649
  -0.01400    2.71476650
  -0.01200    2.66926122
  -0.01000    2.62336230
  -0.00800    2.57929659
  -0.00600    2.54127455
  -0.00400    2.50874424
  -0.00200    2.47803164
   0.00000    2.44742012
   0.00200    2.41662955
   0.00400    2.38550115
   0.00600    2.35370278
   0.00800    2.32076550
   0.01000    2.28660893
   0.01200    2.25181746
   0.01400    2.21643496
   0.01600    2.17934608
   0.01800    2.14085150
   0.02000    2.10500765
   0.02200    2.07493472
   0.02400    2.04943252
   0.02600    2.02559924
   0.02800    2.00171518
   0.03000    1.97709715
   0.03200    1.95148230
   0.03400    1.92516923
   0.03600    1.89863086
   0.03800    1.87255871
   0.04000    1.85910749
   0.04200    1.94227850
   0.04400    2.33216143
   0.04600    3.03514004
   0.04800    3.71083665
   0.05000    4.26978159
   0.05200    4.77283287
   0.05400    5.23945141
   0.05600    5.73145628
   0.05800    6.30602884
   0.06000    6.98211527
   0.06200    7.73206806
   0.06400    8.35376358
   0.06600    8.59298325
   0.06800    8.53940582
   0.07000    8.40169048
   0.07200    8.26599979
   0.07400    8.13909912
   0.07600    7.97311211
   0.07800    7.76883841
   0.08000    7.60837555
   0.08200    7.51001406
   0.08400    7.44237709
   0.08600    7.36366653
   0.08800    7.25047874
   0.09000    7.15986538
   0.09200    7.14335012
   0.09400    7.19762611
   0.09600    7.27708435
   0.09800    7.36735392
   0.10000    7.42473221
   0.10200    7.40576458
   0.10400    7.38338089
   0.10600    7.40344477
   0.10800    7.44624519
   0.11000    7.49529171
   0.11200    7.55671120
   0.11400    7.65694332
   0.11600    7.77362919
   0.11800    7.84613323
   0.12000    7.90228844
   0.12200    7.97083092
   0.12400    8.05618191
   0.12600    8.15980339
   0.12800    8.25621033
   0.13000    8.36111641
   0.13200    8.55928993
   0.13400    8.79021454
   0.13600    8.90675831
   0.13800    9.02094078
   0.14000    9.16727543
   0.14200    9.30568123
   0.14400    9.51696873
   0.14600    9.91387272
   0.14800    10.48529148
   0.15000    11.08174419
   0.15200    11.54663086
   0.15400    11.69197845
   0.15600    11.62750340
   0.15800    11.54514503
   0.16000    11.48589993
   0.16200    11.42838955
   0.16400    11.39100075
   0.16600    11.38212204
   0.16800    11.37055492
   0.17000    11.33837891
   0.17200    11.29130554
   0.17400    11.23782539
   0.17600    11.18360710
   0.17800    11.13257885
   0.18000    11.08655167
   0.18200    11.04995060
   0.18400    11.02042198
   0.18600    10.98916149
   0.18800    10.95385838
   0.19000    10.91624355
   0.19200    10.87790871
   0.19400    10.83942032
   0.19600    10.80843544
   0.19800    10.78839111
   0.20000    10.76282024
   0.20200    10.72001839
   0.20400    10.66541386
   0.20600    10.60952473
   0.20800    10.55963326
   0.21000    10.52370453
   0.21200    10.50382328
   0.21400    10.48715305
   0.21600    10.46210098
   0.21800    10.42662621
   0.22000    10.38576031
   0.22200    10.34221172
   0.22400    10.29668045
   0.22600    10.25118256
   0.22800    10.20927525
   0.23000    10.17434025
   0.23200    10.14975548
   0.23400    10.13684559
   0.23600    10.12817669
   0.23800    10.11539364
   0.24000    10.09470367
   0.24200    10.06701565
   0.24400    10.03393459
   0.24600    9.99777889
   0.24800    9.96282768
   0.25000    9.92819595
   0.25200    9.89591217
   0.25400    9.87085629
   0.25600    9.86510181
   0.25800    9.88250160
   0.26000    9.88707542
   0.26200    9.85437870
   0.26400    9.76708889
   0.26600    9.49746609
   0.26800    8.91064358
   0.27000    8.18750668
   0.27200    7.58580399
   0.27400    7.13557863
   0.27600    6.76826429
   0.27800    6.45161057
   0.28000    6.17667055
   0.28200    5.92605639
   0.28400    5.69106436
   0.28600    5.47655058
   0.28800    5.27512598
   0.29000    5.07415199
   0.29200    4.87481070
   0.29400    4.68848658
   0.29600    4.51629353
   0.29800    4.34802151
   0.30000    4.17978239
   0.30200    4.01732206
   0.30400    3.86910987
   0.30600    3.73319983
   0.30800    3.59737825
   0.31000    3.45585465
   0.31200    3.31114793
   0.31400    3.16730261
   0.31600    3.02714086
   0.31800    2.89334702
   0.32000    2.76669192
   0.32200    2.64171624
   0.32400    2.51384139
   0.32600    2.38569355
   0.32800    2.25893879
   0.33000    2.13361621
   0.33200    2.00581121
   0.33400    1.86579692
   0.33600    1.72560370
   0.33800    1.60923493
   0.34000    1.50268912
   0.34200    1.36282289
   0.34400    1.18936467
   0.34600    0.99430734
   0.34800    0.76016748
   0.35000    0.48358467
   0.35200    0.21930757
   0.35400    0.06044928
   0.35600    0.00879640
   0.35800    0.00053464
   0.36000    0.00000000
   0.36200    0.00000000
   0.36400    0.00000000
   0.36600    0.00000000
   0.36800    0.00000000
   0.37000    0.00000000
   0.37200    0.00000000
   0.37400    0.00000000
   0.37600    0.00000000
   0.37800    0.00000000
   0.38000    0.00000000
   0.38200    0.00000000
   0.38400    0.00000000
   0.38600    0.00000000
   0.38800    0.00000000
   0.39000    0.00000000
   0.39200    0.00000000
   0.39400    0.00000000
   0.39600    0.00008420
   0.39800    0.00179287
   0.40000    0.01561699
   0.40200    0.07228107
   0.40400    0.19759507
   0.40600    0.36645231
   0.40800    0.53293329
   0.41000    0.67909819
   0.41200    0.80912077
   0.41400    0.93373084
   0.41600    1.06702137
   0.41800    1.21208513
   0.42000    1.35267103
   0.42200    1.47191560
   0.42400    1.57105839
   0.42600    1.66036546
   0.42800    1.74982882
   0.43000    1.84331477
   0.43200    1.93750739
   0.43400    2.03052974
   0.43600    2.12499428
   0.43800    2.22269559
   0.44000    2.32363486
   0.44200    2.42763948
   0.44400    2.53151989
   0.44600    2.62832379
   0.44800    2.71466565
   0.45000    2.79414535
   0.45200    2.87377143
   0.45400    2.96062064
   0.45600    3.06950951
   0.45800    3.21937656
   0.46000    3.41330099
   0.46200    3.63977575
   0.46400    3.87310553
   0.46600    4.07878637
   0.46800    4.25120068
   0.47000    4.41641283
   0.47200    4.58915281
   0.47400    4.76880598
   0.47600    4.95348740
   0.47800    5.14267921
   0.48000    5.33817053
   0.48200    5.54163933
   0.48400    5.74990416
   0.48600    5.95758820
   0.48800    6.16386461
   0.49000    6.37588692
   0.49200    6.60280418
   0.49400    6.84794855
   0.49600    7.11078024
   0.49800    7.38987446
   0.50000    7.68429327
   0.50200    8.00110245
   0.50400    8.38242912
   0.50600    8.93305206
   0.50800    9.69296646
   0.51000    10.44004726
   0.51200    10.89468193
   0.51400    11.03280830
   0.51600    10.99256802
   0.51800    10.93733120
   0.52000    10.95979595
   0.52200    10.97941017
   0.52400    10.90384960
   0.52600    10.81036663
   0.52800    10.75375271
   0.53000    10.61959934
   0.53200    10.34240723
   0.53400    10.08924198
   0.53600    9.89007854
   0.53800    9.63108635
   0.54000    9.27124500
   0.54200    8.83677483
   0.54400    8.43830967
   0.54600    8.18220615
   0.54800    8.07033634
   0.55000    8.06551647
   0.55200    8.05902195
   0.55400    7.96884108
   0.55600    7.92643404
   0.55800    8.02389908
   0.56000    8.08884621
   0.56200    7.83216333
   0.56400    7.42213583
   0.56600    7.09916019
   0.56800    6.87867165
   0.57000    6.73823595
   0.57200    6.65421629
   0.57400    6.62581205
   0.57600    6.59272432
   0.57800    6.48901892
   0.58000    6.35347033
   0.58200    6.29208612
   0.58400    6.36657810
   0.58600    6.63655186
   0.58800    7.27658892
   0.59000    8.56215096
   0.59200    10.81626129
   0.59400    13.76713085
   0.59600    16.01014519
   0.59800    16.63240433
   0.60000    16.00912666
   0.60200    14.98859406
   0.60400    14.04522610
   0.60600    13.15288544
   0.60800    12.32534695
   0.61000    11.73877907
   0.61200    11.42799664
   0.61400    11.32922268
   0.61600    11.42920303
   0.61800    11.76507473
   0.62000    12.43732738
   0.62200    13.10710239
   0.62400    13.10437679
   0.62600    12.64259243
   0.62800    12.13760185
   0.63000    11.57700920
   0.63200    10.91888237
   0.63400    10.33220768
   0.63600    9.95362949
   0.63800    9.74651146
   0.64000    9.54414368
   0.64200    9.25020885
   0.64400    8.89597130
   0.64600    8.50652409
   0.64800    8.14554882
   0.65000    7.85594511
   0.65200    7.67278814
   0.65400    7.57621527
   0.65600    7.51809025
   0.65800    7.49728823
   0.66000    7.55414534
   0.66200    7.64566040
   0.66400    7.67861557
   0.66600    7.74290037
   0.66800    7.89757013
   0.67000    8.09128571
   0.67200    8.28737068
   0.67400    8.45682240
   0.67600    8.59312820
   0.67800    8.77940178
   0.68000    9.10365295
   0.68200    9.55244637
   0.68400    9.95988178
   0.68600    9.95712948
   0.68800    9.45775318
   0.69000    8.95542431
   0.69200    8.83374977
   0.69400    8.93004513
   0.69600    8.94972706
   0.69800    8.87292671
   0.70000    8.84279156
   0.70200    8.82937622
   0.70400    8.73047352
   0.70600    8.67320061
   0.70800    8.75078583
   0.71000    8.90237713
   0.71200    9.00979328
   0.71400    9.00832176
   0.71600    8.92536831
   0.71800    8.79651260
   0.72000    8.67787933
   0.72200    8.62123680
   0.72400    8.59127903
   0.72600    8.51534367
   0.72800    8.43647766
   0.73000    8.41602135
   0.73200    8.40807724
   0.73400    8.34907055
   0.73600    8.27970791
   0.73800    8.26808262
   0.74000    8.34722996
   0.74200    8.50344753
   0.74400    8.62855434
   0.74600    8.59096622
   0.74800    8.44603634
   0.75000    8.34579277
   0.75200    8.33110428
   0.75400    8.32468796
   0.75600    8.25935173
   0.75800    8.16824245
   0.76000    8.08840275
   0.76200    8.01094341
   0.76400    7.93260193
   0.76600    7.86187124
   0.76800    7.81218433
   0.77000    7.78277111
   0.77200    7.75002337
   0.77400    7.70372486
   0.77600    7.64973688
   0.77800    7.58105278
   0.78000    7.49416161
   0.78200    7.41550398
   0.78400    7.36495590
   0.78600    7.35433102
   0.78800    7.39661837
   0.79000    7.48985720
   0.79200    7.59689093
   0.79400    7.65935183
   0.79600    7.64977932
   0.79800    7.58081102
   0.80000    7.48190260
   0.80200    7.35831356
   0.80400    7.17760229
   0.80600    6.96967268
   0.80800    6.79374695
   0.81000    6.68740463
   0.81200    6.65197277
   0.81400    6.65692520
   0.81600    6.67751360
   0.81800    6.69983053
   0.82000    6.72725153
   0.82200    6.79348564
   0.82400    6.94058704
   0.82600    7.18947887
   0.82800    7.53265762
   0.83000    7.93351984
   0.83200    8.37127972
   0.83400    8.87731743
   0.83600    9.40223122
   0.83800    9.79842949
   0.84000    9.99041462
   0.84200    9.95650768
   0.84400    9.73347187
   0.84600    9.39304066
   0.84800    9.03586674
   0.85000    8.72752857
   0.85200    8.48313713
   0.85400    8.28257179
   0.85600    8.07317162
   0.85800    7.84122896
   0.86000    7.65595293
   0.86200    7.56812620
   0.86400    7.56977987
   0.86600    7.63690853
   0.86800    7.74948740
   0.87000    7.87482595
   0.87200    7.96158314
   0.87400    7.98874044
   0.87600    7.97991705
   0.87800    7.95581388
   0.88000    7.92880869
   0.88200    7.90951490
   0.88400    7.89653873
   0.88600    7.88355160
   0.88800    7.87138796
   0.89000    7.87205219
   0.89200    7.89721441
   0.89400    7.94643402
   0.89600    8.00924587
   0.89800    8.07412720
   0.90000    8.14910698
   0.90200    8.26591206
   0.90400    8.43653107
   0.90600    8.62736893
   0.90800    8.82765293
   0.91000    9.03347683
   0.91200    9.15104771
   0.91400    9.15812206
   0.91600    9.14464760
   0.91800    9.19009399
   0.92000    9.29529858
   0.92200    9.37955284
   0.92400    9.36637115
   0.92600    9.28949165
   0.92800    9.18880081
   0.93000    9.05937862
   0.93200    8.91267109
   0.93400    8.76288319
   0.93600    8.60128593
   0.93800    8.42512512
   0.94000    8.24832344
   0.94200    8.07986641
   0.94400    7.92506409
   0.94600    7.80360889
   0.94800    7.73950052
   0.95000    7.72571850
   0.95200    7.73638248
   0.95400    7.75469065
   0.95600    7.77967644
   0.95800    7.81598377
   0.96000    7.86914778
   0.96200    7.94099808
   0.96400    8.02615261
   0.96600    8.09306145
   0.96800    8.10071278
   0.97000    8.08193111
   0.97200    8.07836533
   0.97400    8.09958267
   0.97600    8.13978100
   0.97800    8.19043541
   0.98000    8.24397278
   0.98200    8.29055214
   0.98400    8.32400322
   0.98600    8.34875202
   0.98800    8.37119865
   0.99000    8.39894104
   0.99200    8.43950462
   0.99400    8.48967838
   0.99600    8.55217934
   0.99800    8.63753891
   1.00000    8.72863674
   1.00200    8.79153824
   1.00400    8.76044941
   1.00600    8.60451698
   1.00800    8.46457958
   1.01000    8.41626263
   1.01200    8.43336964
   1.01400    8.49919605
   1.01600    8.59628010
   1.01800    8.69320107
   1.02000    8.76832390
   1.02200    8.83371639
   1.02400    8.90952969
   1.02600    8.98370361
   1.02800    9.03684521
   1.03000    9.06277561
   1.03200    9.06384373
   1.03400    9.05568409
   1.03600    9.05370903
   1.03800    9.04701424
   1.04000    9.01864624
   1.04200    8.97784042
   1.04400    8.94208527
   1.04600    8.91925621
   1.04800    8.90630436
   1.05000    8.89070129
   1.05200    8.87226486
   1.05400    8.85308456
   1.05600    8.82553482
   1.05800    8.79029465
   1.06000    8.75974369
   1.06200    8.73802090
   1.06400    8.70377445
   1.06600    8.65509129
   1.06800    8.65579891
   1.07000    8.74574184
   1.07200    8.83613968
   1.07400    8.80567074
   1.07600    8.73132324
   1.07800    8.67681217
   1.08000    8.62879467
   1.08200    8.58512592
   1.08400    8.55497646
   1.08600    8.56601715
   1.08800    8.67070103
   1.09000    8.76228809
   1.09200    8.64024353
   1.09400    8.44127560
   1.09600    8.32459068
   1.09800    8.28945446
   1.10000    8.27512836
   1.10200    8.23873138
   1.10400    8.20452118
   1.10600    8.19612217
   1.10800    8.19205952
   1.11000    8.17876339
   1.11200    8.16991711
   1.11400    8.17937660
   1.11600    8.21397018
   1.11800    8.29753780
   1.12000    8.38794518
   1.12200    8.41711617
   1.12400    8.46733570
   1.12600    8.57230091
   1.12800    8.73297405
   1.13000    8.93257904
   1.13200    9.15268993
   1.13400    9.31148052
   1.13600    9.26756763
   1.13800    9.08484173
   1.14000    8.90350723
   1.14200    8.87693691
   1.14400    9.03749943
   1.14600    9.23278618
   1.14800    9.28134251
   1.15000    9.11895657
   1.15200    8.87697506
   1.15400    8.72323418
   1.15600    8.74988079
   1.15800    9.03500080
   1.16000    9.39886475
   1.16200    9.38763142
   1.16400    8.90465641
   1.16600    8.29034805
   1.16800    7.78195715
   1.17000    7.42035007
   1.17200    7.16560793
   1.17400    6.96503878
   1.17600    6.79407835
   1.17800    6.57956648
   1.18000    6.28995657
   1.18200    6.09935331
   1.18400    6.00876999
   1.18600    5.97188425
   1.18800    6.02859926
   1.19000    6.08264208
   1.19200    6.00816298
   1.19400    5.90036821
   1.19600    5.87435627
   1.19800    5.89195585
   1.20000    5.90884113
   1.20200    5.95501852
   1.20400    6.07876873
   1.20600    6.31240892
   1.20800    6.65574503
   1.21000    7.08439827
   1.21200    7.56593323
   1.21400    8.05685902
   1.21600    8.49988747
   1.21800    8.83673763
   1.22000    9.11187840
   1.22200    9.49581623
   1.22400    10.02215385
   1.22600    10.39902687
   1.22800    10.47519493
   1.23000    10.43948174
   1.23200    10.49756622
   1.23400    10.68533039
   1.23600    10.90664387
   1.23800    11.03735733
   1.24000    11.02651882
   1.24200    10.95587349
   1.24400    10.91582680
   1.24600    10.90625286
   1.24800    10.91048241
   1.25000    10.92315197
   1.25200    10.93257618
   1.25400    10.94158840
   1.25600    10.97496033
   1.25800    11.02952957
   1.26000    11.08406353
   1.26200    11.12629890
   1.26400    11.15215969
   1.26600    11.14837742
   1.26800    11.07114697
   1.27000    10.82532501
   1.27200    10.42104435
   1.27400    10.06953335
   1.27600    9.85993862
   1.27800    9.76905346
   1.28000    9.73863888
   1.28200    9.74687481
   1.28400    9.78396416
   1.28600    9.77377415
   1.28800    9.66929817
   1.29000    9.54949379
   1.29200    9.47679520
   1.29400    9.46651554
   1.29600    9.47976971
   1.29800    9.46168613
   1.30000    9.46476841
   1.30200    9.50710773
   1.30400    9.55301285
   1.30600    9.63452244
   1.30800    9.72272205
   1.31000    9.71446705
   1.31200    9.65115833
   1.31400    9.60130215
   1.31600    9.48528576
   1.31800    9.28707695
   1.32000    9.11661530
   1.32200    9.00604343
   1.32400    8.95011902
   1.32600    8.97135544
   1.32800    9.07872295
   1.33000    9.24995232
   1.33200    9.44448566
   1.33400    9.63186264
   1.33600    9.84288216
   1.33800    10.08520126
   1.34000    10.33032703
   1.34200    10.55492020
   1.34400    10.76538181
   1.34600    11.00658417
   1.34800    11.31997776
   1.35000    11.74847794
   1.35200    12.26909637
   1.35400    12.78000450
   1.35600    13.19697952
   1.35800    13.39425468
   1.36000    13.24078655
   1.36200    12.94165039
   1.36400    12.61060238
   1.36600    12.25600910
   1.36800    11.99863720
   1.37000    11.84865093
   1.37200    11.71902943
   1.37400    11.62469292
   1.37600    11.60690880
   1.37800    11.60070610
   1.38000    11.57242489
   1.38200    11.46045971
   1.38400    11.17550087
   1.38600    10.74205303
   1.38800    10.26476669
   1.39000    9.78852844
   1.39200    9.31593990
   1.39400    8.89002132
   1.39600    8.52146244
   1.39800    8.18232632
   1.40000    7.88011646
   1.40200    7.62624788
   1.40400    7.41974068
   1.40600    7.25602531
   1.40800    7.14740181
   1.41000    7.10841751
   1.41200    7.13615322
   1.41400    7.25339746
   1.41600    7.42649889
   1.41800    7.56774807
   1.42000    7.68151617
   1.42200    7.83892012
   1.42400    8.06472301
   1.42600    8.29348087
   1.42800    8.43111134
   1.43000    8.46975994
   1.43200    8.45650578
   1.43400    8.47006130
   1.43600    8.56583691
   1.43800    8.71947670
   1.44000    8.86627674
   1.44200    9.02717876
   1.44400    9.25825787
   1.44600    9.56227207
   1.44800    9.92642498
   1.45000    10.36843014
   1.45200    10.90371895
   1.45400    11.39881897
   1.45600    11.63018322
   1.45800    11.65296841
   1.46000    11.61339283
   1.46200    11.03567314
   1.46400    8.24325943