# Energy [eV]  Re_eps_xx  Im_eps_xx
   0.013610  0.133856E+02  0.165575E+00
   0.040820  0.133869E+02  0.168132E+00
   0.068030  0.133897E+02  0.170751E+00
   0.095240  0.133937E+02  0.173434E+00
   0.122450  0.133992E+02  0.176185E+00
   0.149660  0.134059E+02  0.179004E+00
   0.176870  0.134141E+02  0.181894E+00
   0.204090  0.134236E+02  0.184859E+00
   0.231300  0.134346E+02  0.187899E+00
   0.258510  0.134469E+02  0.191019E+00
   0.285720  0.134606E+02  0.194220E+00
   0.312930  0.134757E+02  0.197507E+00
   0.340140  0.134923E+02  0.200882E+00
   0.367350  0.135103E+02  0.204348E+00
   0.394570  0.135297E+02  0.207910E+00
   0.421780  0.135506E+02  0.211570E+00
   0.448990  0.135730E+02  0.215333E+00
   0.476200  0.135969E+02  0.219201E+00
   0.503410  0.136224E+02  0.223181E+00
   0.530620  0.136493E+02  0.227275E+00
   0.557830  0.136779E+02  0.231490E+00
   0.585040  0.137080E+02  0.235829E+00
   0.612260  0.137397E+02  0.240300E+00
   0.639470  0.137731E+02  0.244905E+00
   0.666680  0.138082E+02  0.249650E+00
   0.693890  0.138450E+02  0.254544E+00
   0.721100  0.138835E+02  0.259590E+00
   0.748310  0.139237E+02  0.264798E+00
   0.775520  0.139658E+02  0.270173E+00
   0.802740  0.140098E+02  0.275726E+00
   0.829950  0.140556E+02  0.281461E+00
   0.857160  0.141033E+02  0.287388E+00
   0.884370  0.141531E+02  0.293516E+00
   0.911580  0.142048E+02  0.299855E+00
   0.938790  0.142586E+02  0.306416E+00
   0.966000  0.143146E+02  0.313209E+00
   0.993220  0.143728E+02  0.320249E+00
   1.020430  0.144332E+02  0.327543E+00
   1.047640  0.144960E+02  0.335107E+00
   1.074850  0.145611E+02  0.342955E+00
   1.102060  0.146287E+02  0.351103E+00
   1.129270  0.146988E+02  0.359568E+00
   1.156480  0.147715E+02  0.368365E+00
   1.183700  0.148470E+02  0.377519E+00
   1.210910  0.149253E+02  0.387042E+00
   1.238120  0.150064E+02  0.396960E+00
   1.265330  0.150905E+02  0.407296E+00
   1.292540  0.151778E+02  0.418076E+00
   1.319750  0.152682E+02  0.429327E+00
   1.346960  0.153621E+02  0.441079E+00
   1.374180  0.154594E+02  0.453370E+00
   1.401390  0.155603E+02  0.466225E+00
   1.428600  0.156651E+02  0.479687E+00
   1.455810  0.157737E+02  0.493798E+00
   1.483020  0.158865E+02  0.508603E+00
   1.510230  0.160035E+02  0.524154E+00
   1.537440  0.161251E+02  0.540503E+00
   1.564660  0.162514E+02  0.557720E+00
   1.591870  0.163827E+02  0.575857E+00
   1.619080  0.165191E+02  0.594994E+00
   1.646290  0.166610E+02  0.615213E+00
   1.673500  0.168086E+02  0.636605E+00
   1.700710  0.169623E+02  0.659271E+00
   1.727920  0.171224E+02  0.683322E+00
   1.755130  0.172893E+02  0.708887E+00
   1.782350  0.174635E+02  0.736118E+00
   1.809560  0.176452E+02  0.765156E+00
   1.836770  0.178351E+02  0.796193E+00
   1.863980  0.180336E+02  0.829437E+00
   1.891190  0.182414E+02  0.865124E+00
   1.918400  0.184590E+02  0.903529E+00
   1.945610  0.186873E+02  0.944966E+00
   1.972830  0.189271E+02  0.989818E+00
   2.000040  0.191791E+02  0.103848E+01
   2.027250  0.194443E+02  0.109147E+01
   2.054460  0.197241E+02  0.114938E+01
   2.081670  0.200195E+02  0.121291E+01
   2.108880  0.203320E+02  0.128293E+01
   2.136090  0.206633E+02  0.136045E+01
   2.163310  0.210153E+02  0.144677E+01
   2.190520  0.213899E+02  0.154339E+01
   2.217730  0.217897E+02  0.165229E+01
   2.244940  0.222176E+02  0.177591E+01
   2.272150  0.226767E+02  0.191744E+01
   2.299360  0.231709E+02  0.208096E+01
   2.326570  0.237045E+02  0.227193E+01
   2.353790  0.242827E+02  0.249774E+01
   2.381000  0.249104E+02  0.276823E+01
   2.408210  0.255934E+02  0.309739E+01
   2.435420  0.263361E+02  0.350480E+01
   2.462630  0.271401E+02  0.401816E+01
   2.489840  0.279981E+02  0.467582E+01
   2.517050  0.288849E+02  0.552724E+01
   2.544270  0.297410E+02  0.662509E+01
   2.571480  0.304599E+02  0.799657E+01
   2.598690  0.309046E+02  0.960176E+01
   2.625900  0.309669E+02  0.113059E+02
   2.653110  0.306436E+02  0.129184E+02
   2.680320  0.300535E+02  0.142928E+02
   2.707530  0.293586E+02  0.154001E+02
   2.734750  0.286665E+02  0.163033E+02
   2.761960  0.280080E+02  0.170771E+02
   2.789170  0.273722E+02  0.177640E+02
   2.816380  0.267490E+02  0.183734E+02
   2.843590  0.261440E+02  0.189066E+02
   2.870800  0.255689E+02  0.193722E+02
   2.898010  0.250313E+02  0.197827E+02
   2.925220  0.245364E+02  0.201513E+02
   2.952440  0.240853E+02  0.204934E+02
   2.979650  0.236733E+02  0.208209E+02
   3.006860  0.232946E+02  0.211408E+02
   3.034070  0.229447E+02  0.214574E+02
   3.061280  0.226199E+02  0.217732E+02
   3.088490  0.223189E+02  0.220891E+02
   3.115700  0.220428E+02  0.224071E+02
   3.142920  0.217932E+02  0.227314E+02
   3.170130  0.215713E+02  0.230673E+02
   3.197340  0.213767E+02  0.234216E+02
   3.224550  0.212076E+02  0.238002E+02
   3.251760  0.210626E+02  0.242086E+02
   3.278970  0.209409E+02  0.246525E+02
   3.306180  0.208428E+02  0.251395E+02
   3.333400  0.207679E+02  0.256798E+02
   3.360610  0.207151E+02  0.262861E+02
   3.387820  0.206807E+02  0.269758E+02
   3.415030  0.206565E+02  0.277702E+02
   3.442240  0.206273E+02  0.286944E+02
   3.469450  0.205682E+02  0.297767E+02
   3.496660  0.204390E+02  0.310467E+02
   3.523880  0.201791E+02  0.325286E+02
   3.551090  0.197062E+02  0.342265E+02
   3.578300  0.189247E+02  0.361150E+02
   3.605510  0.177389E+02  0.381330E+02
   3.632720  0.160593E+02  0.401836E+02
   3.659930  0.138098E+02  0.421244E+02
   3.687140  0.109550E+02  0.437497E+02
   3.714360  0.755898E+01  0.448022E+02
   3.741570  0.383717E+01  0.450482E+02
   3.768780  0.114970E+00  0.443805E+02
   3.795990  -0.326175E+01  0.428637E+02
   3.823200  -0.602424E+01  0.407123E+02
   3.850410  -0.803889E+01  0.382221E+02
   3.877620  -0.931809E+01  0.356949E+02
   3.904840  -0.100019E+02  0.333660E+02
   3.932050  -0.102918E+02  0.313507E+02
   3.959260  -0.103653E+02  0.296494E+02
   3.986470  -0.103356E+02  0.282097E+02
   4.013680  -0.102618E+02  0.269719E+02
   4.040890  -0.101710E+02  0.258873E+02
   4.068100  -0.100742E+02  0.249200E+02
   4.095310  -0.997503E+01  0.240448E+02
   4.122530  -0.987399E+01  0.232434E+02
   4.149740  -0.977031E+01  0.225036E+02
   4.176950  -0.966233E+01  0.218153E+02
   4.204160  -0.954746E+01  0.211712E+02
   4.231370  -0.942172E+01  0.205662E+02
   4.258580  -0.927968E+01  0.199989E+02
   4.285790  -0.911623E+01  0.194728E+02
   4.313010  -0.892938E+01  0.189959E+02
   4.340220  -0.872291E+01  0.185796E+02
   4.367430  -0.850693E+01  0.182347E+02
   4.394640  -0.829797E+01  0.179692E+02
   4.421850  -0.811798E+01  0.177863E+02
   4.449060  -0.799445E+01  0.176821E+02
   4.476270  -0.796065E+01  0.176397E+02
   4.503490  -0.804737E+01  0.176175E+02
   4.530700  -0.825560E+01  0.175480E+02
   4.557910  -0.853561E+01  0.173742E+02
   4.585120  -0.881644E+01  0.170893E+02
   4.612330  -0.905168E+01  0.167261E+02
   4.639540  -0.922652E+01  0.163227E+02
   4.666750  -0.934419E+01  0.159081E+02
   4.693970  -0.941549E+01  0.154998E+02
   4.721180  -0.945169E+01  0.151065E+02
   4.748390  -0.946119E+01  0.147316E+02
   4.775600  -0.945014E+01  0.143772E+02
   4.802810  -0.942427E+01  0.140449E+02
   4.830020  -0.938923E+01  0.137352E+02
   4.857230  -0.935009E+01  0.134474E+02
   4.884450  -0.931120E+01  0.131800E+02
   4.911660  -0.927641E+01  0.129311E+02
   4.938870  -0.924911E+01  0.126984E+02
   4.966080  -0.923269E+01  0.124794E+02
   4.993290  -0.923123E+01  0.122709E+02
   5.020500  -0.924982E+01  0.120673E+02
   5.047710  -0.929189E+01  0.118575E+02
   5.074930  -0.935334E+01  0.116268E+02
   5.102140  -0.941953E+01  0.113646E+02
   5.129350  -0.947236E+01  0.110721E+02
   5.156560  -0.949974E+01  0.107595E+02
   5.183770  -0.949798E+01  0.104389E+02
   5.210980  -0.946843E+01  0.101196E+02
   5.238190  -0.941421E+01  0.980784E+01
   5.265400  -0.933872E+01  0.950776E+01
   5.292620  -0.924547E+01  0.922244E+01
   5.319830  -0.913838E+01  0.895411E+01
   5.347040  -0.902105E+01  0.870340E+01
   5.374250  -0.889637E+01  0.847034E+01
   5.401460  -0.876671E+01  0.825488E+01
   5.428670  -0.863433E+01  0.805708E+01
   5.455880  -0.850172E+01  0.787678E+01
   5.483100  -0.837149E+01  0.771341E+01
   5.510310  -0.824646E+01  0.756594E+01
   5.537520  -0.812923E+01  0.743242E+01
   5.564730  -0.802192E+01  0.731000E+01
   5.591940  -0.792545E+01  0.719511E+01
   5.619150  -0.783923E+01  0.708437E+01
   5.646360  -0.776170E+01  0.697541E+01
   5.673580  -0.769110E+01  0.686679E+01
   5.700790  -0.762577E+01  0.675797E+01
   5.728000  -0.756439E+01  0.664904E+01
   5.755210  -0.750641E+01  0.654050E+01
   5.782420  -0.745211E+01  0.643264E+01
   5.809630  -0.740231E+01  0.632504E+01
   5.836840  -0.735786E+01  0.621624E+01
   5.864060  -0.731892E+01  0.610352E+01
   5.891270  -0.728383E+01  0.598334E+01
   5.918480  -0.724784E+01  0.585279E+01
   5.945690  -0.720407E+01  0.571295E+01
   5.972900  -0.714819E+01  0.556967E+01
   6.000110  -0.708106E+01  0.542920E+01
   6.027320  -0.700602E+01  0.529452E+01
   6.054540  -0.692570E+01  0.516603E+01
   6.081750  -0.684151E+01  0.504358E+01
   6.108960  -0.675412E+01  0.492714E+01
   6.136170  -0.666420E+01  0.481701E+01
   6.163380  -0.657266E+01  0.471344E+01
   6.190590  -0.648046E+01  0.461642E+01
   6.217800  -0.638848E+01  0.452566E+01
   6.245020  -0.629738E+01  0.444070E+01
   6.272230  -0.620768E+01  0.436110E+01
   6.299440  -0.611966E+01  0.428638E+01
   6.326650  -0.603353E+01  0.421620E+01
   6.353860  -0.594957E+01  0.415028E+01
   6.381070  -0.586814E+01  0.408832E+01
   6.408280  -0.578964E+01  0.402983E+01
   6.435490  -0.571440E+01  0.397410E+01
   6.462710  -0.564242E+01  0.392020E+01
   6.489920  -0.557340E+01  0.386724E+01
   6.517130  -0.550659E+01  0.381445E+01
   6.544340  -0.544089E+01  0.376142E+01
   6.571550  -0.537504E+01  0.370838E+01
   6.598760  -0.530805E+01  0.365623E+01
   6.625970  -0.523960E+01  0.360633E+01
   6.653190  -0.517010E+01  0.355991E+01
   6.680400  -0.510055E+01  0.351789E+01
   6.707610  -0.503215E+01  0.348058E+01
   6.734820  -0.496611E+01  0.344770E+01
   6.762030  -0.490320E+01  0.341853E+01
   6.789240  -0.484371E+01  0.339239E+01
   6.816450  -0.478787E+01  0.336892E+01
   6.843670  -0.473620E+01  0.334768E+01
   6.870880  -0.468925E+01  0.332775E+01
   6.898090  -0.464698E+01  0.330782E+01
   6.925300  -0.460857E+01  0.328673E+01
   6.952510  -0.457277E+01  0.326406E+01
   6.979720  -0.453846E+01  0.324023E+01
   7.006930  -0.450524E+01  0.321619E+01
   7.034150  -0.447356E+01  0.319276E+01
   7.061360  -0.444442E+01  0.317018E+01
   7.088570  -0.441889E+01  0.314786E+01
   7.115780  -0.439760E+01  0.312449E+01
   7.142990  -0.438044E+01  0.309837E+01
   7.170200  -0.436638E+01  0.306782E+01
   7.197410  -0.435341E+01  0.303169E+01
   7.224630  -0.433892E+01  0.299005E+01
   7.251840  -0.432079E+01  0.294458E+01
   7.279050  -0.429834E+01  0.289763E+01
   7.306260  -0.427220E+01  0.285112E+01
   7.333470  -0.424354E+01  0.280600E+01
   7.360680  -0.421340E+01  0.276253E+01
   7.387890  -0.418256E+01  0.272057E+01
   7.415110  -0.415152E+01  0.267975E+01
   7.442320  -0.412050E+01  0.263960E+01
   7.469530  -0.408934E+01  0.259971E+01
   7.496740  -0.405769E+01  0.255981E+01
   7.523950  -0.402498E+01  0.251993E+01
   7.551160  -0.399063E+01  0.248061E+01
   7.578370  -0.395459E+01  0.244284E+01
   7.605580  -0.391750E+01  0.240748E+01
   7.632800  -0.388040E+01  0.237482E+01
   7.660010  -0.384436E+01  0.234454E+01
   7.687220  -0.380994E+01  0.231575E+01
   7.714430  -0.377708E+01  0.228754E+01
   7.741640  -0.374528E+01  0.225936E+01
   7.768850  -0.371398E+01  0.223109E+01
   7.796060  -0.368279E+01  0.220291E+01
   7.823280  -0.365153E+01  0.217508E+01
   7.850490  -0.362023E+01  0.214786E+01
   7.877700  -0.358897E+01  0.212141E+01
   7.904910  -0.355793E+01  0.209580E+01
   7.932120  -0.352723E+01  0.207100E+01
   7.959330  -0.349689E+01  0.204693E+01
   7.986540  -0.346684E+01  0.202363E+01
   8.013760  -0.343709E+01  0.200128E+01
   8.040970  -0.340786E+01  0.198011E+01
   8.068180  -0.337953E+01  0.196022E+01
   8.095390  -0.335258E+01  0.194151E+01
   8.122600  -0.332748E+01  0.192358E+01
   8.149810  -0.330447E+01  0.190585E+01
   8.177020  -0.328352E+01  0.188766E+01
   8.204240  -0.326436E+01  0.186842E+01
   8.231450  -0.324664E+01  0.184772E+01
   8.258660  -0.322989E+01  0.182513E+01
   8.285870  -0.321349E+01  0.180032E+01
   8.313080  -0.319655E+01  0.177315E+01
   8.340290  -0.317806E+01  0.174395E+01
   8.367500  -0.315725E+01  0.171356E+01
   8.394720  -0.313392E+01  0.168312E+01
   8.421930  -0.310848E+01  0.165360E+01
   8.449140  -0.308162E+01  0.162546E+01
   8.476350  -0.305395E+01  0.159876E+01
   8.503560  -0.302581E+01  0.157339E+01
   8.530770  -0.299742E+01  0.154927E+01
   8.557980  -0.296894E+01  0.152635E+01
   8.585200  -0.294057E+01  0.150455E+01
   8.612410  -0.291243E+01  0.148377E+01
   8.639620  -0.288459E+01  0.146392E+01
   8.666830  -0.285719E+01  0.144497E+01
   8.694040  -0.283039E+01  0.142671E+01
   8.721250  -0.280418E+01  0.140887E+01
   8.748460  -0.277834E+01  0.139128E+01
   8.775670  -0.275267E+01  0.137401E+01
   8.802890  -0.272715E+01  0.135720E+01
   8.830100  -0.270185E+01  0.134095E+01
   8.857310  -0.267688E+01  0.132526E+01
   8.884520  -0.265234E+01  0.131012E+01
   8.911730  -0.262833E+01  0.129544E+01
   8.938940  -0.260494E+01  0.128108E+01
   8.966150  -0.258214E+01  0.126685E+01
   8.993370  -0.255981E+01  0.125258E+01
   9.020580  -0.253780E+01  0.123823E+01
   9.047790  -0.251592E+01  0.122381E+01
   9.075000  -0.249411E+01  0.120943E+01
   9.102210  -0.247232E+01  0.119513E+01
   9.129420  -0.245050E+01  0.118097E+01
   9.156630  -0.242858E+01  0.116701E+01
   9.183850  -0.240654E+01  0.115343E+01
   9.211060  -0.238445E+01  0.114040E+01
   9.238270  -0.236254E+01  0.112805E+01
   9.265480  -0.234105E+01  0.111632E+01
   9.292690  -0.232013E+01  0.110502E+01
   9.319900  -0.229979E+01  0.109398E+01
   9.347110  -0.228001E+01  0.108308E+01
   9.374330  -0.226076E+01  0.107220E+01
   9.401540  -0.224201E+01  0.106123E+01
   9.428750  -0.222362E+01  0.105003E+01
   9.455960  -0.220544E+01  0.103855E+01
   9.483170  -0.218726E+01  0.102679E+01
   9.510380  -0.216893E+01  0.101488E+01
   9.537590  -0.215036E+01  0.100298E+01
   9.564810  -0.213156E+01  0.991246E+00
   9.592020  -0.211260E+01  0.979799E+00
   9.619230  -0.209355E+01  0.968711E+00
   9.646440  -0.207450E+01  0.958009E+00
   9.673650  -0.205550E+01  0.947695E+00
   9.700860  -0.203661E+01  0.937774E+00
   9.728070  -0.201785E+01  0.928265E+00
   9.755290  -0.199928E+01  0.919190E+00
   9.782500  -0.198103E+01  0.910563E+00
   9.809710  -0.196322E+01  0.902329E+00
   9.836920  -0.194594E+01  0.894354E+00
   9.864130  -0.192924E+01  0.886426E+00
   9.891340  -0.191298E+01  0.878348E+00
   9.918550  -0.189695E+01  0.870033E+00
   9.945760  -0.188091E+01  0.861542E+00
   9.972980  -0.186474E+01  0.853054E+00
  10.000190  -0.184843E+01  0.844791E+00
  10.027400  -0.183209E+01  0.836931E+00
  10.054610  -0.181591E+01  0.829566E+00
  10.081820  -0.180013E+01  0.822669E+00
  10.109030  -0.178492E+01  0.816106E+00
  10.136240  -0.177037E+01  0.809660E+00
  10.163460  -0.175647E+01  0.803079E+00
  10.190670  -0.174305E+01  0.796162E+00
  10.217880  -0.172988E+01  0.788844E+00
  10.245090  -0.171674E+01  0.781227E+00
  10.272300  -0.170360E+01  0.773494E+00
  10.299510  -0.169060E+01  0.765718E+00
  10.326720  -0.167787E+01  0.757742E+00
  10.353940  -0.166525E+01  0.749332E+00
  10.381150  -0.165248E+01  0.740437E+00
  10.408360  -0.163927E+01  0.731210E+00
  10.435570  -0.162552E+01  0.721894E+00
  10.462780  -0.161123E+01  0.712729E+00
  10.489990  -0.159648E+01  0.703911E+00
  10.517200  -0.158140E+01  0.695578E+00
  10.544420  -0.156616E+01  0.687810E+00
  10.571630  -0.155092E+01  0.680636E+00
  10.598840  -0.153585E+01  0.674012E+00
  10.626050  -0.152108E+01  0.667835E+00
  10.653260  -0.150665E+01  0.661967E+00
  10.680470  -0.149255E+01  0.656290E+00
  10.707680  -0.147873E+01  0.650732E+00
  10.734900  -0.146512E+01  0.645257E+00
  10.762110  -0.145167E+01  0.639873E+00
  10.789320  -0.143836E+01  0.634610E+00
  10.816530  -0.142520E+01  0.629491E+00
  10.843740  -0.141222E+01  0.624501E+00
  10.870950  -0.139940E+01  0.619607E+00
  10.898160  -0.138672E+01  0.614799E+00
  10.925380  -0.137411E+01  0.610093E+00
  10.952590  -0.136159E+01  0.605534E+00
  10.979800  -0.134912E+01  0.601176E+00
  11.007010  -0.133675E+01  0.597103E+00
  11.034220  -0.132457E+01  0.593386E+00
  11.061430  -0.131272E+01  0.590029E+00
  11.088640  -0.130137E+01  0.586943E+00
  11.115850  -0.129059E+01  0.583958E+00
  11.143070  -0.128036E+01  0.580882E+00
  11.170280  -0.127057E+01  0.577571E+00
  11.197490  -0.126108E+01  0.573950E+00
  11.224700  -0.125172E+01  0.570015E+00
  11.251910  -0.124236E+01  0.565829E+00
  11.279120  -0.123291E+01  0.561510E+00
  11.306330  -0.122335E+01  0.557205E+00
  11.333550  -0.121373E+01  0.553049E+00
  11.360760  -0.120420E+01  0.549115E+00
  11.387970  -0.119489E+01  0.545383E+00
  11.415180  -0.118589E+01  0.541758E+00
  11.442390  -0.117721E+01  0.538137E+00
  11.469600  -0.116883E+01  0.534459E+00
  11.496810  -0.116073E+01  0.530711E+00
  11.524030  -0.115295E+01  0.526849E+00
  11.551240  -0.114550E+01  0.522737E+00
  11.578450  -0.113826E+01  0.518244E+00
  11.605660  -0.113104E+01  0.513392E+00
  11.632870  -0.112378E+01  0.508290E+00
  11.660080  -0.111649E+01  0.502983E+00
  11.687290  -0.110918E+01  0.497452E+00
  11.714510  -0.110179E+01  0.491682E+00
  11.741720  -0.109426E+01  0.485701E+00
  11.768930  -0.108657E+01  0.479551E+00
  11.796140  -0.107868E+01  0.473269E+00
  11.823350  -0.107059E+01  0.466868E+00
  11.850560  -0.106226E+01  0.460359E+00
  11.877770  -0.105362E+01  0.453780E+00
  11.904990  -0.104461E+01  0.447217E+00
  11.932200  -0.103522E+01  0.440794E+00
  11.959410  -0.102550E+01  0.434618E+00
  11.986620  -0.101550E+01  0.428777E+00
  12.013830  -0.100533E+01  0.423323E+00
  12.041040  -0.995058E+00  0.418287E+00
  12.068250  -0.984787E+00  0.413679E+00
  12.095470  -0.974604E+00  0.409487E+00
  12.122680  -0.964603E+00  0.405668E+00
  12.149890  -0.954843E+00  0.402157E+00
  12.177100  -0.945366E+00  0.398885E+00
  12.204310  -0.936211E+00  0.395764E+00
  12.231520  -0.927369E+00  0.392667E+00
  12.258730  -0.918743E+00  0.389491E+00
  12.285940  -0.910205E+00  0.386220E+00
  12.313160  -0.901662E+00  0.382898E+00
  12.340370  -0.893057E+00  0.379581E+00
  12.367580  -0.884327E+00  0.376347E+00
  12.394790  -0.875449E+00  0.373334E+00
  12.422000  -0.866494E+00  0.370693E+00
  12.449210  -0.857630E+00  0.368510E+00
  12.476420  -0.849032E+00  0.366754E+00
  12.503640  -0.840806E+00  0.365322E+00
  12.530850  -0.832990E+00  0.364106E+00
  12.558060  -0.825578E+00  0.363039E+00
  12.585270  -0.818574E+00  0.362090E+00
  12.612480  -0.812019E+00  0.361229E+00
  12.639690  -0.805981E+00  0.360379E+00
  12.666900  -0.800485E+00  0.359387E+00
  12.694120  -0.795457E+00  0.358085E+00
  12.721330  -0.790737E+00  0.356376E+00
  12.748540  -0.786156E+00  0.354258E+00
  12.775750  -0.781580E+00  0.351791E+00
  12.802960  -0.776915E+00  0.349068E+00
  12.830170  -0.772110E+00  0.346216E+00
  12.857380  -0.767182E+00  0.343369E+00
  12.884600  -0.762211E+00  0.340621E+00
  12.911810  -0.757300E+00  0.338006E+00
  12.939020  -0.752526E+00  0.335508E+00
  12.966230  -0.747937E+00  0.333100E+00
  12.993440  -0.743559E+00  0.330757E+00
  13.020650  -0.739417E+00  0.328472E+00
  13.047860  -0.735554E+00  0.326247E+00
  13.075080  -0.732037E+00  0.324066E+00
  13.102290  -0.728950E+00  0.321875E+00
  13.129500  -0.726356E+00  0.319572E+00
  13.156710  -0.724272E+00  0.317021E+00
  13.183920  -0.722641E+00  0.314078E+00
  13.211130  -0.721336E+00  0.310662E+00
  13.238340  -0.720233E+00  0.306787E+00
  13.265560  -0.719274E+00  0.302530E+00
  13.292770  -0.718491E+00  0.297968E+00
  13.319980  -0.717972E+00  0.293123E+00
  13.347190  -0.717827E+00  0.287961E+00
  13.374400  -0.718178E+00  0.282385E+00
  13.401610  -0.719141E+00  0.276226E+00
  13.428820  -0.720808E+00  0.269234E+00
  13.456030  -0.723226E+00  0.261057E+00
  13.483250  -0.726354E+00  0.251201E+00
  13.510460  -0.729935E+00  0.239007E+00
  13.537670  -0.733282E+00  0.223681E+00
  13.564880  -0.734983E+00  0.204612E+00
  13.564880  -0.734983E+00  0.204612E+00
  13.564880  -0.734983E+00  0.204612E+00
  13.564880  -0.734983E+00  0.204612E+00
  13.564880  -0.734983E+00  0.204612E+00
  13.564880  -0.734983E+00  0.204612E+00
  13.564880  -0.734983E+00  0.204612E+00
  13.564880  -0.734983E+00  0.204612E+00
  13.564880  -0.734983E+00  0.204612E+00
  13.564880  -0.734983E+00  0.204612E+00
  13.564880  -0.734983E+00  0.204612E+00
  13.564880  -0.734983E+00  0.204612E+00
  13.564880  -0.734983E+00  0.204612E+00
  13.564880  -0.734983E+00  0.204612E+00
  13.564880  -0.734983E+00  0.204612E+00
  13.564880  -0.734983E+00  0.204612E+00